<?xml version="1.0"?>
<opencv_storage>
<height>1080</height>
<width>1920</width>
<distance_const>3.6001531250000000e+05</distance_const>
<f>1.6980612792968750e+03</f>
<lightbase>4.7222503662109375e+02</lightbase>
</opencv_storage>
