<?xml version="1.0"?>
<opencv_storage>
<height>128</height>
<width>0</width>
<distance_const>2.4053048437500000e+05</distance_const>
<f>1.0344057617187500e+03</f>
<lightbase>5.9861785888671875e+02</lightbase>
</opencv_storage>
