<?xml version="1.0"?>
<opencv_storage>
<height>480</height>
<width>640</width>
<distance_const>8.8457140625000000e+04</distance_const>
<f>4.6455911254882812e+02</f>
<lightbase>2.6858569335937500e+02</lightbase>
</opencv_storage>
