<?xml version="1.0"?>
<opencv_storage>
<height>720</height>
<width>1280</width>
<distance_const>2.6163903125000000e+05</distance_const>
<f>1.1283957519531250e+03</f>
<lightbase>3.0468658447265625e+02</lightbase>
</opencv_storage>
