<?xml version="1.0"?>
<opencv_storage>
<height>720</height>
<width>1280</width>
<distance_const>2.3657970312500000e+05</distance_const>
<f>1.0034700927734375e+03</f>
<lightbase>4.4416879272460938e+02</lightbase>
</opencv_storage>
