<?xml version="1.0"?>
<opencv_storage>
<height>1080</height>
<width>1920</width>
<distance_const>2.6549381250000000e+05</distance_const>
<f>1.0906435546875000e+03</f>
<lightbase>4.7549526977539062e+02</lightbase>
</opencv_storage>
